seq2698_len161_cov293	PbOr168	37.143	161	35	106	2	22	0.007	28.9
seq2698_len161_cov293	HsOr192	39.394	161	33	100	2	20	0.007	28.9
seq3119_len169_cov1123	AmOr112	65.217	169	23	129	64	7	0.008	28.9
seq3392_len152_cov244	AmOr112	65.217	152	23	94	29	7	0.003	29.6
seq3556_len293_cov1318	NvOr105	24.561	293	57	110	274	41	0.008	30.4
seq3816_len147_cov244	AmOr112	65.217	147	23	86	21	7	0.002	30.0
seq4151_len134_cov732	AmOr112	65.217	134	23	129	64	7	0.004	28.9
seq4166_len153_cov244	AmOr112	65.217	153	23	92	27	7	0.002	30.0
seq4168_len151_cov439	AmOr112	65.217	151	23	91	26	7	0.002	30.0
seq4169_len147_cov244	AmOr112	65.217	147	23	91	26	7	0.008	28.1
seq4176_len284_cov976	PbOr44	39.535	284	43	257	156	17	0.004	31.2
seq4327_len146_cov342	PbOr96NC	42.857	146	42	17	133	21	0.007	28.5
seq4327_len146_cov342	PbOr95NJ	42.857	146	42	17	133	21	0.008	28.1
seq4329_len143_cov195	PbOr96NC	42.857	143	42	17	133	21	0.009	28.1
seq4329_len143_cov195	PbOr95NJ	42.857	143	42	17	133	21	0.010	28.1
seq4447_len238_cov2441	LhOr206NTE	37.209	238	43	204	76	24	0.009	29.6
seq4548_len151_cov293	PbOr148	41.667	151	48	144	1	25	0.003	29.6
seq4646_len150_cov293	PbOr148	41.667	150	48	144	1	25	0.002	30.0
seq5434_len139_cov244	AmOr98	35.484	139	31	8	100	20	0.006	28.5
